BFS:

Solutie:
    |2|   
    |53| |12| 
|32| |44| |10| |33| 
-------
  |2| |53| |12| 
|32| |44| |10| |33| 
-------
|12| |2| |53|   
|32| |44| |10| |33| 
-------
Timp: 0.0021533966064453125
Cost:  5
Lungime:  3

----------------

Solutie:
    |2|   
    |53| |12| 
|32| |44| |10| |33| 
-------
    |2|   
|12|   |53|   
|32| |44| |10| |33| 
-------
|12| |2| |53|   
|32| |44| |10| |33| 
-------
Timp: 0.0030541419982910156
Cost:  5
Lungime:  3

----------------

Solutie:
    |2|   
    |53| |12| 
|32| |44| |10| |33| 
-------
    |2|   
  |12| |53|   
|32| |44| |10| |33| 
-------
|2| |12| |53|   
|32| |44| |10| |33| 
-------
Timp: 0.0033779144287109375
Cost:  5
Lungime:  3

----------------

Solutie:
    |2|   
    |53| |12| 
|32| |44| |10| |33| 
-------
    |2|   
  |32| |53| |12| 
  |44| |10| |33| 
-------
    |2|   
  |32| |53|   
|12| |44| |10| |33| 
-------
|2| |32| |53|   
|12| |44| |10| |33| 
-------
Timp: 0.005358219146728516
Cost:  5
Lungime:  4

----------------

A*:

DFI:

**************
Adancime maxima:  1
**************
Adancime maxima:  2
**************
Adancime maxima:  3
Solutie:     |2|   
    |53| |12| 
|32| |44| |10| |33| 
-------
  |2| |53| |12| 
|32| |44| |10| |33| 
-------
|12| |2| |53|   
|32| |44| |10| |33| 
-------
Timp: 0.011812925338745117
Cost:  5
Lungime:  3

----------------

Solutie:     |2|   
    |53| |12| 
|32| |44| |10| |33| 
-------
    |2|   
|12|   |53|   
|32| |44| |10| |33| 
-------
|12| |2| |53|   
|32| |44| |10| |33| 
-------
Timp: 0.012001514434814453
Cost:  5
Lungime:  3

----------------

Solutie:     |2|   
    |53| |12| 
|32| |44| |10| |33| 
-------
    |2|   
  |12| |53|   
|32| |44| |10| |33| 
-------
|2| |12| |53|   
|32| |44| |10| |33| 
-------
Timp: 0.012094497680664062
Cost:  5
Lungime:  3

----------------

**************
Adancime maxima:  4
Solutie:     |2|   
    |53| |12| 
|32| |44| |10| |33| 
-------
    |2|   
  |32| |53| |12| 
  |44| |10| |33| 
-------
    |2|   
  |32| |53|   
|12| |44| |10| |33| 
-------
|2| |32| |53|   
|12| |44| |10| |33| 
-------
Timp: 0.012629032135009766
Cost:  5
Lungime:  4

----------------

Solutie:     |2|   
    |53| |12| 
|32| |44| |10| |33| 
-------
|2|   |53| |12| 
|32| |44| |10| |33| 
-------
  |2| |53| |12| 
|32| |44| |10| |33| 
-------
|12| |2| |53|   
|32| |44| |10| |33| 
-------
Timp: 0.012891292572021484
Cost:  5
Lungime:  4

----------------

DF:

